CLOCK: 2
FIRMWARE_FILE: ./firmware/stable_ctime_v6_2_2018_Mar_21_0537.fpg
LO: 1
Nfreq: '1000'
buf_size: '8234'
center_freq: '828.0'
dds_shift: '318'
ext_ref: 0
header_len: '42'
lo_step: 1.0e3
max_neg_freq: -1.02342e6
max_pos_freq: 246.001234e6
min_neg_freq: -246.001234e6
min_pos_freq: 1.02342e6
symm_offset: 250.0e6
test_freq: 10.0125e6
